0 1.02947 0 0.385946 0 0.0154146
0 1.02935 0 0.385887 0 0.00901009
0 1.02929 0 0.385873 0 0.0175944
0 1.02923 0 0.385851 0 -0.00948828
0 1.02916 0 0.385825 0 -0.0153305
0 1.02917 0 0.385821 0 -0.0063385
0 1.02924 0 0.385869 0 -0.00565546
0 1.02933 0 0.385949 0 -0.0232313
0 1.02945 0 0.38605 0 -0.016324
0 1.02963 0 0.386196 0 -0.0302768
0 1.02985 0 0.386359 0 -0.00151739
0 1.03011 0 0.386518 0 -0.00451386
0 1.03036 0 0.386713 0 -0.0134051
0 1.03067 0 0.386966 0 -0.00879423
0 1.03102 0 0.387217 0 0.00591714
0 1.03139 0 0.387488 0 0.00880495
0 1.03178 0 0.387773 0 -0.00838435
0 1.03216 0 0.388101 0 -0.0325166
0 1.03256 0 0.38842 0 -0.0287296
0 1.03302 0 0.388782 0 -0.0563721
0 1.03349 0 0.389162 0 -0.0832148
0 1.03398 0 0.389545 0 -0.0571175
0 1.03448 0 0.389946 0 -0.0442246
0 1.03503 0 0.390377 0 -0.0363656
0 1.03557 0 0.390831 0 -0.0298562
0 1.03613 0 0.391316 0 -0.0257473
0 1.03673 0 0.39179 0 -0.0412844
0 1.03733 0 0.392302 0 -0.0391001
0 1.03793 0 0.392852 0 -0.0464869
0 1.03853 0 0.393383 0 -0.0293472
0 1.03917 0 0.393946 0 -0.0252933
0 1.03979 0 0.394487 0 -0.0258412
0 1.04041 0 0.395068 0 0.00761385
0 1.04115 0 0.395727 0 -0.0202352
0 1.04181 0 0.396318 0 0.011973
0 1.04227 0 0.396716 0 0.0234239
0 1.04253 0 0.396881 0 0.0103389
0 1.04254 0 0.396765 0 0.0189545
0 1.04225 0 0.396291 0 -0.00774688
0 1.0417 0 0.395565 0 0.0212718
0 1.04105 0 0.394678 0 0.00870311
0 1.04044 0 0.39378 0 0.00932844
0 1.04003 0 0.392943 0 0.0286773
0 1.0399 0 0.392319 0 0.00768742
0 1.04018 0 0.391953 0 0.0359095
0 1.04099 0 0.391984 0 0.00484647
0 1.04218 0 0.392336 0 -0.0244785
0 1.04371 0 0.392956 0 -0.0228964
0 1.04535 0 0.393762 0 -0.00700853
0 1.04694 0 0.394547 0 -0.0109551
0 1.04844 0 0.395374 0 -0.00837881
0 1.04978 0 0.396081 0 -0.0209563
0 1.05106 0 0.396806 0 -0.057441
0 1.05232 0 0.397704 0 -0.0590636
0 1.05363 0 0.398649 0 -0.0494233
0 1.05488 0 0.399619 0 -0.0482896
0 1.05612 0 0.400642 0 -0.0393159
0 1.05733 0 0.401697 0 6.28362e-05
0 1.05837 0 0.402629 0 0.00242667
0 1.05926 0 0.403411 0 -0.0123169
0 1.06012 0 0.404193 0 -0.0105786
0 1.061 0 0.404965 0 0.012106
0 1.06167 0 0.405566 0 0.00374474
0 1.0621 0 0.405943 0 0.0193173
0 1.06219 0 0.40595 0 0.0230957
0 1.06203 0 0.405679 0 0.0269609
0 1.06166 0 0.405144 0 0.0275566
0 1.06113 0 0.404454 0 0.0533416
0 1.06021 0 0.403324 0 0.0615802
0 1.05889 0 0.401743 0 0.0759741
0 1.05718 0 0.399758 0 0.038509
0 1.05566 0 0.39795 0 0.0419664
0 1.05424 0 0.396188 0 -0.00536
0 1.0535 0 0.395102 0 -0.00727651
0 1.05336 0 0.394583 0 -0.0135215
0 1.05371 0 0.394517 0 -0.00927115
0 1.05428 0 0.394691 0 -0.0144718
0 1.05513 0 0.395127 0 -0.0691909
0 1.05689 0 0.396433 0 -0.0377902
0 1.05889 0 0.39801 0 -0.0212202
0 1.06081 0 0.399472 0 -0.00022589
0 1.06239 0 0.400584 0 0.00381321
0 1.06366 0 0.401442 0 0.0271409
0 1.0644 0 0.401722 0 0.0316949
0 1.06469 0 0.401592 0 0.0059921
0 1.06506 0 0.401538 0 0.0243802
0 1.0652 0 0.401243 0 0.0332301
0 1.06504 0 0.400675 0 0.0437464
0 1.06451 0 0.399725 0 0.0415949
0 1.06374 0 0.398589 0 0.0597462
0 1.06258 0 0.397049 0 0.0345808
0 1.06146 0 0.395599 0 0.0432265
0 1.06029 0 0.394077 0 0.0636503
0 1.05875 0 0.392201 0 0.0421491
0 1.05728 0 0.390439 0 0.0169827
0 1.05624 0 0.389093 0 0.00433443
0 1.05565 0 0.388205 0 -0.0130771
0 1.05564 0 0.387904 0 -0.0118624
0 1.05603 0 0.387939 0 -0.0152743
0 1.0567 0 0.388274 0 -0.00275926
0 1.05737 0 0.388637 0 -0.00601035
0 1.05813 0 0.389078 0 0.00835926
0 1.05872 0 0.389355 0 0.0029343
0 1.05928 0 0.389602 0 -0.033313
0 1.06031 0 0.390334 0 -0.0599907
0 1.06209 0 0.391803 0 -0.0451615
0 1.06416 0 0.393529 0 -0.0309991
0 1.06622 0 0.395224 0 -0.0391844
0 1.06835 0 0.397033 0 -0.0193949
0 1.07029 0 0.398593 0 -0.0224472
0 1.07213 0 0.400065 0 -0.0592785
0 1.07444 0 0.402015 0 -0.0244207
0 1.07657 0 0.403779 0 -0.0540641
0 1.07898 0 0.405814 0 -0.0327694
0 1.08129 0 0.407752 0 -0.00778498
0 1.0832 0 0.409268 0 -0.0142683
0 1.08489 0 0.410574 0 -0.0327749
0 1.08674 0 0.412011 0 -0.0492283
0 1.08891 0 0.413774 0 -0.0746227
0 1.09164 0 0.416174 0 -0.037461
0 1.09424 0 0.418454 0 -0.0470034
0 1.09689 0 0.420758 0 -0.0490899
0 1.09958 0 0.423134 0 -0.0486538
0 1.10233 0 0.425501 0 -0.0553475
0 1.10517 0 0.427986 0 -0.0657055
0 1.10824 0 0.430697 0 -0.092818
0 1.11186 0 0.433942 0 -0.0820227
0 1.11569 0 0.437412 0 -0.0844294
0 1.11971 0 0.441062 0 -0.0499845
0 1.12337 0 0.44434 0 -0.0587304
0 1.12688 0 0.447513 0 -0.0609202
0 1.13033 0 0.450586 0 -0.0588076
0 1.13371 0 0.453641 0 -0.0584191
0 1.13703 0 0.456622 0 -0.0782194
0 1.1406 0 0.459848 0 -0.0631918
0 1.14413 0 0.463014 0 -0.032786
0 1.14718 0 0.465728 0 -0.0277905
0 1.14981 0 0.468068 0 -0.0456916
0 1.15241 0 0.470379 0 -0.0702864
0 1.15539 0 0.473048 0 -0.0695443
0 1.15859 0 0.475948 0 -0.0866734
0 1.16223 0 0.479262 0 -0.109194
0 1.16643 0 0.483162 0 -0.104973
0 1.17099 0 0.487397 0 -0.110886
0 1.17588 0 0.491975 0 -0.127596
0 1.18122 0 0.497 0 -0.117354
0 1.18678 0 0.502185 0 -0.136276
0 1.19265 0 0.507744 0 -0.103782
0 1.19835 0 0.513106 0 -0.0777312
0 1.20353 0 0.517957 0 -0.0981096
0 1.20863 0 0.522779 0 -0.134634
0 1.21425 0 0.528039 0 -0.114783
0 1.21988 0 0.533351 0 -0.0918072
0 1.22521 0 0.538388 0 -0.0776494
0 1.23016 0 0.543034 0 -0.0620113
0 1.23459 0 0.547146 0 -0.0262391
0 1.23817 0 0.550413 0 -0.0313739
0 1.24123 0 0.553139 0 -0.0635674
0 1.24437 0 0.555994 0 -0.0750565
0 1.24777 0 0.559116 0 -0.0410511
0 1.25086 0 0.561936 0 -0.054629
0 1.25397 0 0.564711 0 -0.0786873
0 1.25741 0 0.56782 0 -0.0773753
0 1.26103 0 0.571207 0 -0.101624
0 1.26519 0 0.575086 0 -0.0551494
0 1.26897 0 0.578582 0 -0.0457348
0 1.27241 0 0.581743 0 -0.0469803
0 1.27561 0 0.584664 0 -0.0290923
0 1.27844 0 0.587207 0 -0.0159513
0 1.28076 0 0.589294 0 -0.0202926
0 1.28287 0 0.59112 0 -0.0321514
0 1.28494 0 0.592907 0 -0.0138345
0 1.28675 0 0.59446 0 -0.012
0 1.28838 0 0.595811 0 0.0367567
0 1.2892 0 0.59634 0 -0.00625035
0 1.29002 0 0.596899 0 -0.00977978
0 1.29096 0 0.597588 0 -0.0249816
0 1.29217 0 0.598522 0 -0.0629592
0 1.29414 0 0.600205 0 -0.0968833
0 1.29709 0 0.602872 0 -0.101779
0 1.30082 0 0.606299 0 -0.0736539
0 1.30463 0 0.609804 0 -0.112199
0 1.30905 0 0.613937 0 -0.112167
0 1.31391 0 0.618499 0 -0.142528
0 1.31941 0 0.623755 0 -0.161835
0 1.32556 0 0.629654 0 -0.187966
0 1.33231 0 0.636144 0 -0.217283
0 1.33958 0 0.643147 0 -0.225757
0 1.3473 0 0.650562 0 -0.217603
0 1.35539 0 0.658387 0 -0.256292
0 1.36382 0 0.666502 0 -0.257388
0 1.3725 0 0.674883 0 -0.276926
0 1.3814 0 0.68353 0 -0.290459
0 1.39053 0 0.692405 0 -0.250311
0 1.39979 0 0.70144 0 -0.264566
0 1.40923 0 0.710635 0 -0.250368
0 1.41876 0 0.719988 0 -0.263517
0 1.42843 0 0.729451 0 -0.275275
0 1.43819 0 0.738986 0 -0.295145
0 1.44803 0 0.748574 0 -0.300559
0 1.45793 0 0.758279 0 -0.253421
0 1.46786 0 0.768049 0 -0.236958
0 1.47789 0 0.777831 0 -0.243002
0 1.48796 0 0.787632 0 -0.209774
0 1.49795 0 0.797435 0 -0.200171
0 1.50778 0 0.807071 0 -0.172777
0 1.51705 0 0.81617 0 -0.154893
0 1.52575 0 0.824695 0 -0.15726
0 1.53408 0 0.832825 0 -0.177685
0 1.54243 0 0.840981 0 -0.182603
0 1.55091 0 0.849303 0 -0.179098
0 1.55938 0 0.857606 0 -0.175347
0 1.56781 0 0.865901 0 -0.161531
0 1.57604 0 0.873981 0 -0.166428
0 1.5842 0 0.881971 0 -0.169595
0 1.59232 0 0.889955 0 -0.134676
0 1.59995 0 0.897476 0 -0.120136
0 1.60703 0 0.904472 0 -0.131047
0 1.61392 0 0.911205 0 -0.163286
0 1.62106 0 0.918237 0 -0.157737
0 1.62836 0 0.925478 0 -0.154207
0 1.6357 0 0.932759 0 -0.181383
0 1.64341 0 0.940326 0 -0.194914
0 1.65145 0 0.948235 0 -0.165498
0 1.65946 0 0.956156 0 -0.160206
0 1.66739 0 0.96399 0 -0.156846
0 1.67521 0 0.97176 0 -0.157292
0 1.68298 0 0.97944 0 -0.176435
0 1.69095 0 0.987332 0 -0.166294
0 1.69896 0 0.995213 0 -0.147893
0 1.7067 0 1.00286 0 -0.194722
0 1.71462 0 1.01071 0 -0.158584
0 1.72246 0 1.01846 0 -0.162583
0 1.73032 0 1.02627 0 -0.155724
0 1.73805 0 1.03396 0 -0.161405
0 1.74582 0 1.04167 0 -0.144477
0 1.75331 0 1.04911 0 -0.133504
0 1.76051 0 1.05625 0 -0.0933442
0 1.7669 0 1.06262 0 -0.0871618
0 1.77265 0 1.06834 0 -0.0842195
0 1.77792 0 1.07359 0 -0.0714136
0 1.78271 0 1.07836 0 -0.0619518
0 1.78701 0 1.08267 0 -0.0281778
0 1.79055 0 1.08619 0 -0.00831789
0 1.79323 0 1.08888 0 -0.0340692
0 1.79572 0 1.0914 0 -0.0438941
0 1.79826 0 1.09395 0 -0.0106658
0 1.80028 0 1.09598 0 -0.027939
0 1.80226 0 1.09798 0 -0.0292702
0 1.80425 0 1.09998 0 -0.0183829
0 1.8061 0 1.10178 0 -0.00896201
0 1.8077 0 1.10338 0 -0.0169689
0 1.80922 0 1.1049 0 -0.00501678
0 1.81057 0 1.10627 0 -0.0157966
0 1.81192 0 1.10765 0 0.000327513
0 1.8131 0 1.10886 0 0.00693944
0 1.814 0 1.10976 0 0.0185155
0 1.81457 0 1.11035 0 -0.00203465
0 1.81522 0 1.11105 0 0.0296943
0 1.81546 0 1.11132 0 0.00707894
0 1.81579 0 1.11166 0 0.00161944
0 1.81625 0 1.11212 0 -0.0157358
0 1.81701 0 1.11293 0 -0.0443527
0 1.81838 0 1.11434 0 -0.0803345
0 1.82072 0 1.11668 0 -0.0615565
0 1.82345 0 1.11942 0 -0.0852005
0 1.82679 0 1.1227 0 -0.0635244
0 1.83018 0 1.1261 0 -0.0907744
0 1.83402 0 1.12999 0 -0.115933
0 1.83855 0 1.13449 0 -0.104312
0 1.84333 0 1.13931 0 -0.11143
0 1.84838 0 1.14437 0 -0.0600895
0 1.85289 0 1.14891 0 -0.0690462
0 1.85716 0 1.15321 0 -0.0735439
0 1.86134 0 1.15741 0 -0.089067
0 1.86566 0 1.16175 0 -0.0814663
0 1.86993 0 1.16607 0 -0.10021
0 1.87445 0 1.17067 0 -0.094149
0 1.87909 0 1.17537 0 -0.10702
0 1.88395 0 1.1803 0 -0.124337
0 1.88922 0 1.18564 0 -0.128835
0 1.89486 0 1.19129 0 -0.140125
0 1.9009 0 1.19736 0 -0.13153
0 1.90707 0 1.20357 0 -0.153272
0 1.91364 0 1.21017 0 -0.150434
0 1.92045 0 1.21705 0 -0.123538
0 1.92704 0 1.22368 0 -0.115121
0 1.93332 0 1.23004 0 -0.120511
0 1.93952 0 1.23633 0 -0.0821962
0 1.94508 0 1.24195 0 -0.110347
0 1.9506 0 1.24756 0 -0.0968334
0 1.95591 0 1.25299 0 -0.0920914
0 1.96102 0 1.25817 0 -0.102977
0 1.96614 0 1.26336 0 -0.0971875
0 1.97118 0 1.26851 0 -0.116872
0 1.97647 0 1.2739 0 -0.148349
0 1.98232 0 1.27983 0 -0.198607
0 1.98876 0 1.28641 0 -0.184148
0 1.99577 0 1.29351 0 -0.179853
0 2.00326 0 1.30109 0 -0.199093
0 2.01114 0 1.30912 0 -0.191295
0 2.01937 0 1.31744 0 -0.182747
0 2.02772 0 1.32591 0 -0.154236
0 2.03581 0 1.33412 0 -0.134726
0 2.04341 0 1.34182 0 -0.14409
0 2.05074 0 1.34935 0 -0.121212
0 2.05766 0 1.35642 0 -0.135084
0 2.06447 0 1.36333 0 -0.149351
